//berezino to factory
[13113,10507,0]

_rail = [961656,961658,961660,961651,961676,961667,961669,961668,961671,961670,961672,961673,961684,961685,961706,961709,961688,
961695,961699,961716,961717,961721,961718,961687,961732,961729,961728,961730,961739,961738,961737,961740,961744,961743,961742,961741,
961745,961746,961747,961748,961752,961749,961750,961751,961755,961756,961757,961758,961753,961754,961759,961760,961761,961762,961764,961765,
961763,961767,961766,961768,961769,961771,961770,961772,265791,961773,961775,961774,961776,961777,961780,961778,961781,961779,961782,961783,
961784,961785,961793,961786,961790,961804,961806,961805,961807,961803,961808,961809,961810,961811,961812,961813,961814,961815,961816,961818,
961817,961819,961820,961821,961822,961823,961824,961825,961826,961827,961828,961829,961830,961842,961846,961833,961861];

_stops = [961656,961741,961804,961861];

_hornblow = [961651,961721,961740,961755,961778,961786];




//kamenka to komarovo
[2008,2202,0]

_rail = [962050,962049,962048,962051,962052,962053,962054,962055,962057,962056,962058,962059,962060,962061,962062,962065,
962063,962064,962067,962068,962066,962069,962070,962072,962071,962076,962073,962075,962074,962078,962079,962077,962123,962124,
962125,962126,962127,962121,962120,962122,962129,962130,962128,962080,962083,962082,962084,962081,962090,962091,962089,962088,962092,
962093,962094,962095,962097,962096,962114,962115,973881,962116];

_stops = [962049,962077,962115];

_hornblow = [962057,962064,962076,962076,962129,962090,962092];




//komarovo to cherno
[3805,2423,0]

_rail = [962117,962086,962087,962085,962517,962518,962519,962522,962520,962521,962523,962524,962525,962526,962528,962530,962532,
962534,962536,962535,962537,962533,962531,962538,962539,962540,962541,962542,962543,962544,962545,962546,962547,962548,962549,962550,
962552,962553,962554,962551,962555,962556,962557,962558,962559,962560,962561,962563,962565,962564,962566,962568,962569,962567,962562,962572,
962571,962574,962575,962576,962573,962636,962637,962579,962577,962578,962586,962590,962587,962588,962589,962585,962591,962584,962582,962583,
967282,962580,962581,962634,968323,962629,962627,962626,962628,962631,962625,962630,962633,962610,962594];

_stops = [962086,962530,962544,962628];

_hornblow = [962518,962525,962540];




//cherno to electro
[6566,2658,0]

_rail = [962153,962154,962152,962147,962150,962151,962148,962138,962139,962142,962143,962141,962140,962467,962470,
962465,962466,962472,962471,962464,962480,962479,962478,962481,962155,962157,962444,962156,962158,962452,962449,962448,
962447,962450,962446,962451,962454,962453,962455,962445,962456,962457,962458,962460,962459,962462,962461,962670,962671,
962669,962673,962672,962676,962674,962675,962681,962679,962677,962678,962680,962683,962684,962682,962685,962687,962689,962686,
962690,962688,962691,962693,962694,962692,962695,962697,962698,962696,962699,962700,962701,962702,962181,962182,962179,962180,962183,
962185,962186,962187,962184,962188,962189,962190,962191,962192,962197,962194,962198,962193,962196,962195,962199,962202,962200,962203,962201,
962204,962206,962205,962207,962208,962209,962210,962211,962213,962212,962214,962217,962219,962215,962220,962216,962218,962223,962221,962222,962224,
962228,962225,962226,962227,962242,962237,962238,962243,962246,962245,962247,962248,962272,962273,962274,962276,962277,962295,962297,962260,962252,962254,962336,366912,
962338];

_stops = [962154,962480,962673,962700,962218,366912];

_hornblow = [962138,962158,962682,962198,962222];